n = 2
d = 0.00003 0.000015
r = 0.0 0.0 0.0 0.0
f = 0.055
k = 0.062
l = 1.0 2.0
gamma = 1.0 1.0
init = square