n = 2
d = 0.00008 0.00002
r = 0.0 0.0 0.0 0.0
f = 0.0367
k = 0.0649
l = 1.0 2.0
gamma = 1.0 1.0
init = square