re = 10000.000000
omg = 1.700000
alpha = 0.900000
dt = 1.00000
dtfix = 1.0 
tend = 10000.000000
iter = 100
eps = 0.001000
tau = 1.0000
