re = 10000.000000
omg = 1.700000
alpha = 0.900000
dt = 0.50000
tend = 50.0000
iter = 500.000
eps = 0.001000
tau = 0.500000
dtfix = 0.500000
