re = 1000.000000
omg = 1.700000
alpha = 0.900000
dt = 0.500000
dtfix = 0.5
tend = 100.000000
iter = 100
eps = 0.001000
tau = 0.80000
d = 0.001000
gamma = 0.5
