re = 2000.0
omg = 1.700000
alpha = 0.900000
dt = 0.500000
dtfix = 0.5
tend = 500.000000
iter = 100
eps = 0.001000
tau = 0.80000