re = 1000.000000
omg = 1.700000
alpha = 0.900000
dt = 0.010000
tend = 16.40000
iter = 100.000
eps = 0.001000
tau = 0.500000
