size = 48 48
length = 1.000000 1.000000
velocity = 0.0 0.0 0.0 0.0 1.0 0.0 0.0 0.0
pressure = 0.0 0.0 0.0 0.0
v_type = d d d d d d d d
p_type = d d d d
streakline = 0.5 0.5 
trace = 0.25 0.25
streakline = 0.3 0.2
trace = 0.8 0.9
