size = 128 128
length = 1.000000 1.000000
velocity = -1.0 0.0 0.0 0.0 1.0 0.0 0.0 0.0
pressure = 0.0 0.0 0.0 0.0 0.0 0.0 0.0 0.0
